#! FIELDS time t1 t2 sigma_t1 sigma_t2 height biasf clock
#! SET multivariate false
#! SET min_t1 -pi
#! SET max_t1 pi
#! SET min_t2 -pi
#! SET max_t2 pi
                    0.2     -2.624843387883748      2.994604058766895                    0.3                    0.3     0.5357142857142857                     15 1397479444
                    0.4     -2.578599883089406      2.697763710830581                    0.3                    0.3     0.5310885462595242                     15 1397479445
                    0.6     -2.531273101096674      2.906899439374268                    0.3                    0.3     0.5229774468382252                     15 1397479447
                    0.8     -2.621234190733693     -2.794609855528653                    0.3                    0.3     0.5324212913889435                     15 1397479447
                      1     -2.743508565833652      2.945378045758218                    0.3                    0.3      0.517246683704353                     15 1397479448
                    1.2     -2.591528509937878      2.817567476945695                    0.3                    0.3     0.5093729374304785                     15 1397479449
                    1.4     -2.100285372116788      2.837937838490095                    0.3                    0.3     0.5270604500238337                     15 1397479450
                    1.6     -2.372223150994508      2.725488321941042                    0.3                    0.3     0.5085951793238678                     15 1397479451
                    1.8     -2.637356497380164      2.606381834009442                    0.3                    0.3     0.5067448239963465                     15 1397479452
                      2     -2.782923900876326      2.506439820281917                    0.3                    0.3     0.5127446854167719                     15 1397479453
                    2.2     -2.479230104714641      2.403869516749304                    0.3                    0.3     0.5112187302822776                     15 1397479454
                    2.4     -2.322284912129831      2.547199694884836                    0.3                    0.3     0.5017380962222112                     15 1397479456
                    2.6      -2.39623551035532      2.941195055481996                    0.3                    0.3     0.4921018026864258                     15 1397479457
                    2.8     -2.924606799686193      2.845363725412023                    0.3                    0.3     0.5047026738029142                     15 1397479458
                      3      -2.96692993481102      2.770641583399945                    0.3                    0.3     0.5019444465079066                     15 1397479459
                    3.2     -2.218692542308067      2.962626214187562                    0.3                    0.3     0.4990436583985672                     15 1397479460
                    3.4     -2.156974169662118      2.665180837834818                    0.3                    0.3     0.4966004314055091                     15 1397479461
                    3.6     -2.488247296165023      2.536444935177228                    0.3                    0.3     0.4785907981901529                     15 1397479462
                    3.8     -2.600761376707101      2.136543013456295                    0.3                    0.3     0.5173761797016231                     15 1397479463
                      4     -2.139311295587404      2.961829516038579                    0.3                    0.3     0.4942039339606322                     15 1397479464
                    4.2     -2.089742455382531      3.053021953217881                    0.3                    0.3     0.4985712440684381                     15 1397479465
                    4.4     -3.029735439664501      2.671782189770599                    0.3                    0.3     0.5013994198098238                     15 1397479467
      4.600000000000001     -2.684599373691306      2.729745338498413                    0.3                    0.3     0.4612224607477425                     15 1397479468
                    4.8      -2.68160031959836      2.796685096702364                    0.3                    0.3      0.455852054773282                     15 1397479469
                      5     -2.725202891684265      2.764257629586604                    0.3                    0.3     0.4527717605127561                     15 1397479470
                    5.2     -2.401534626489404      2.626608417681714                    0.3                    0.3     0.4532681569702692                     15 1397479471
                    5.4     -1.728274786476862      2.581087337586469                    0.3                    0.3     0.5242989591385403                     15 1397479472
      5.600000000000001     -1.561848964294274      2.495331982620866                    0.3                    0.3     0.5264402053190773                     15 1397479473
                    5.8     -1.231290168887029      2.345199460391929                    0.3                    0.3      0.530652888095824                     15 1397479474
                      6     -1.315395078656732      1.918076402477857                    0.3                    0.3     0.5319780963182099                     15 1397479475
                    6.2     -1.293845609090199      1.831280458445548                    0.3                    0.3     0.5262467118795877                     15 1397479476
                    6.4     -1.600061787513189      1.211177903558439                    0.3                    0.3     0.5348839869197783                     15 1397479477
      6.600000000000001     -1.198203461034201     0.4490118542315014                    0.3                    0.3     0.5355904336179278                     15 1397479479
                    6.8      -1.44717651468062      1.016925736352338                    0.3                    0.3     0.5291531572970829                     15 1397479480
                      7     -1.303891280600442     0.6736515391110943                    0.3                    0.3     0.5259026071628244                     15 1397479481
                    7.2     -1.676493310744005      1.038874772786242                    0.3                    0.3     0.5218450084491399                     15 1397479482
                    7.4     -1.447618440906709      1.010855231093688                    0.3                    0.3     0.5129526329308746                     15 1397479483
      7.600000000000001     -1.095670079750221     0.4907367487388341                    0.3                    0.3     0.5218579260314745                     15 1397479483
                    7.8     -1.464361431925945     0.8821821951292549                    0.3                    0.3     0.5056861970917198                     15 1397479484
                      8     -1.233964397258075     0.1052673505710375                    0.3                    0.3     0.5273437873200478                     15 1397479486
      8.199999999999999     -1.176072850347641     0.3113189592004161                    0.3                    0.3     0.5126306053778639                     15 1397479487
                    8.4     -1.373543232699124     0.7731063904561074                    0.3                    0.3     0.4990112438744383                     15 1397479488
                    8.6     -1.435213611869947     0.9194571503451135                    0.3                    0.3     0.4920998921238502                     15 1397479489
      8.800000000000001     -1.373701410118568     0.8585204839340475                    0.3                    0.3     0.4860159001693039                     15 1397479490
                      9     -1.570011057775737     0.8019084409901501                    0.3                    0.3     0.4867860431633844                     15 1397479491
      9.200000000000001     -1.482147551825354     0.5929693114177135                    0.3                    0.3     0.4881733929447855                     15 1397479491
                    9.4     -1.568574425861601     0.5508532943995583                    0.3                    0.3     0.4911765884528716                     15 1397479492
                    9.6     -1.012961457643823     0.6249257118151017                    0.3                    0.3     0.4997509490312958                     15 1397479493
      9.800000000000001     -1.412293675009833     0.6476680797669092                    0.3                    0.3     0.4679070098523124                     15 1397479494
                     10     -1.520062028352635      1.005769071206061                    0.3                    0.3       0.47074583791553                     15 1397479495
                   10.2     -1.750983548150072     0.2862030117050869                    0.3                    0.3     0.4528538475393018                     15 1397479496
                   10.4     -2.565545531329591     0.1584050708609938                    0.3                    0.3     0.5279947662815583                     15 1397479497
                   10.6     -2.608985668259541     0.1239041906017107                    0.3                    0.3     0.5225435059988648                     15 1397479498
                   10.8     -2.026571502846104      0.431997995213445                    0.3                    0.3     0.4778539484568065                     15 1397479500
                     11     -2.273598285201814     0.6447798822893859                    0.3                    0.3     0.4931574778065337                     15 1397479501
                   11.2     -1.899968912716878     0.2669799529657616                    0.3                    0.3     0.4685467468148611                     15 1397479502
                   11.4     -1.333230831362954     0.1167211373689009                    0.3                    0.3     0.4057314066016993                     15 1397479503
                   11.6     -1.725225641955751      0.523190414674075                    0.3                    0.3     0.4002023137202079                     15 1397479503
                   11.8     -2.107350803934208      1.410268323083365                    0.3                    0.3     0.4437548727036705                     15 1397479505
                     12     -2.085348884105154      1.689222899423865                    0.3                    0.3     0.4216410708296815                     15 1397479506
                   12.2     -1.940719267206064        2.1164658859189                    0.3                    0.3     0.3820694489340298                     15 1397479507
                   12.4      -1.20206413713489       2.27506378627736                    0.3                    0.3      0.432098697666382                     15 1397479508
                   12.6     -2.007118868084642      2.300400015718806                    0.3                    0.3     0.3486628266902428                     15 1397479509
                   12.8     -1.908936241495962      2.048290677894371                    0.3                    0.3     0.3819270104407134                     15 1397479510
                     13     -1.834002158380986      2.141272586947235                    0.3                    0.3     0.3773617597931987                     15 1397479511
                   13.2     -1.996721175442157      1.861730860439039                    0.3                    0.3     0.3894465984688115                     15 1397479512
                   13.4     -1.110567216455893      2.392983711549424                    0.3                    0.3     0.4570717373409076                     15 1397479514
                   13.6     -1.225255465942837      2.619294145286747                    0.3                    0.3     0.4670493113701808                     15 1397479515
                   13.8     -1.020109076643565      2.664386444194231                    0.3                    0.3      0.491274929342116                     15 1397479516
                     14     -1.373725755370579      1.830711127168842                    0.3                    0.3     0.3225945061532827                     15 1397479517
                   14.2     -0.880801934147898      1.556971152294565                    0.3                    0.3     0.3815203899309438                     15 1397479519
                   14.4     -1.057737289838692      2.354924904867909                    0.3                    0.3     0.4476369662791712                     15 1397479519
                   14.6     -1.395095856601973      2.953363899620172                    0.3                    0.3     0.4923980269883352                     15 1397479520
                   14.8     -1.839229835887839      2.979543635151175                    0.3                    0.3     0.4179775460139442                     15 1397479521
                     15     -1.775578797357975      2.766805516118029                    0.3                    0.3     0.3951020322578367                     15 1397479522
                   15.2     -1.556858974139768      2.670124557674892                    0.3                    0.3     0.4208550659119142                     15 1397479524
                   15.4    -0.9494903700356597      2.592824353447774                    0.3                    0.3     0.4815815369113054                     15 1397479525
                   15.6      -1.22758279431789      2.816642570914701                    0.3                    0.3     0.4704889780295682                     15 1397479527
                   15.8     -1.406173323124324     -3.110480043710998                    0.3                    0.3     0.5047598029399625                     15 1397479528
                     16     -1.433890776400487      2.718072853124028                    0.3                    0.3     0.4308619787021487                     15 1397479529
                   16.2     -1.233953492324679      2.801933742354029                    0.3                    0.3     0.4554593617029834                     15 1397479530
                   16.4     -1.983073559148539      2.652169742800332                    0.3                    0.3     0.3199858395431581                     15 1397479531
                   16.6     -1.282596499592579      2.162931417649513                    0.3                    0.3     0.3843350580546147                     15 1397479531
                   16.8      -0.80322260885152      2.521137922974322                    0.3                    0.3     0.4889515203433911                     15 1397479533
                     17     -1.414715298501571      3.013988814390289                    0.3                    0.3     0.4687541059978118                     15 1397479534
                   17.2     -1.610623438100089      3.132471447201863                    0.3                    0.3     0.4704128890412461                     15 1397479535
                   17.4     -1.457563486767985      3.090096054073467                    0.3                    0.3      0.467915063072915                     15 1397479536
                   17.6      -1.38117042964383       2.60451799436902                    0.3                    0.3     0.4066786154326935                     15 1397479537
                   17.8      -1.01684555662279      2.185431723345478                    0.3                    0.3     0.4203338898702464                     15 1397479538
                     18     -1.557895766403429      2.384663297027119                    0.3                    0.3      0.378954864971035                     15 1397479539
                   18.2     -1.560797469175021      2.489713992651057                    0.3                    0.3     0.3783903372747163                     15 1397479541
                   18.4    -0.6704204372288117      2.203753967950916                    0.3                    0.3     0.4935217301604892                     15 1397479542
                   18.6     -1.345571868998139      2.422235200672835                    0.3                    0.3     0.3852907731378251                     15 1397479543
                   18.8     -1.070132575893604      2.721475929949448                    0.3                    0.3     0.4447672886651725                     15 1397479544
                     19     -1.322681637406132      2.409654880946371                    0.3                    0.3     0.3805760834472391                     15 1397479545
                   19.2     -1.779637926450375      2.697968456769801                    0.3                    0.3     0.3604331000474407                     15 1397479547
                   19.4     -1.331325071433021      2.665964294443787                    0.3                    0.3     0.3962396201763379                     15 1397479548
                   19.6     -1.817967048587479      2.492628100077932                    0.3                    0.3     0.3437150792982473                     15 1397479549
                   19.8     -1.945567750399798       1.78726448131835                    0.3                    0.3     0.3839863043445921                     15 1397479550
                     20     -1.826461947057341      1.549422745461476                    0.3                    0.3     0.3552591341844328                     15 1397479551
                   20.2      -2.64065515336581      1.820751616520951                    0.3                    0.3     0.3515711592639545                     15 1397479553
                   20.4     -3.045675901987517      1.955340073063948                    0.3                    0.3     0.4523661398751005                     15 1397479554
                   20.6     -2.946713780392739      2.127349626491253                    0.3                    0.3     0.3793362348886532                     15 1397479555
                   20.8     -3.134614142590972      2.586519066327205                    0.3                    0.3     0.3867104737595827                     15 1397479556
                     21     -3.020588207785469      2.722731040017015                    0.3                    0.3     0.3154304363103693                     15 1397479557
                   21.2      3.081112256851005      -3.12990493380941                    0.3                    0.3     0.4411015210859705                     15 1397479558
                   21.4      2.979149732600795      2.887598493756239                    0.3                    0.3     0.4524196805359654                     15 1397479559
                   21.6     -3.022675791988346     -2.884135893088403                    0.3                    0.3      0.415341763223391                     15 1397479560
                   21.8     -3.046352181847765     -2.802414138088214                    0.3                    0.3     0.4376751522698492                     15 1397479562
                     22     -2.756394900796902     -2.555674900447203                    0.3                    0.3     0.4501627823378241                     15 1397479563
                   22.2     -3.067144018565052     -2.609534817778109                    0.3                    0.3     0.4752225605754181                     15 1397479564
                   22.4     -2.909336209903342     -2.875427118272115                    0.3                    0.3     0.3694919594774743                     15 1397479565
                   22.6     -2.984241809025397     -2.448919367792853                    0.3                    0.3     0.4853047982370881                     15 1397479566
                   22.8     -3.078627246467872     -2.947475710496857                    0.3                    0.3      0.402257070031494                     15 1397479567
                     23      2.997494280260226     -3.035638746410585                    0.3                    0.3     0.4585432395733924                     15 1397479568
                   23.2     -3.022302344445887     -3.114068439747517                    0.3                    0.3      0.344399532981581                     15 1397479569
                   23.4      3.080895204036318      -2.94127736789306                    0.3                    0.3     0.4334081911211892                     15 1397479570
                   23.6      2.982250006599693      2.748371546074592                    0.3                    0.3     0.4395764133773564                     15 1397479571
                   23.8     -3.120126730199178      2.608163741441467                    0.3                    0.3     0.3628032852510475                     15 1397479572
                     24      3.019438523091676      2.567830068334811                    0.3                    0.3     0.4284178875982146                     15 1397479573
                   24.2      2.959144355595956      2.830753100548666                    0.3                    0.3     0.4352657895892049                     15 1397479574
                   24.4      2.969510684076451      3.038873432215352                    0.3                    0.3      0.434059700627436                     15 1397479575
                   24.6      2.912876024211761      2.694069083949246                    0.3                    0.3      0.446635122205499                     15 1397479576
                   24.8      2.936314743926697       2.70229892474994                    0.3                    0.3     0.4330918646160714                     15 1397479577
                     25      3.036964439307961      2.302856016477395                    0.3                    0.3     0.4462689957053886                     15 1397479579