0.00029628 301.46
0.015919 322.13
0.031542 338.93
0.047164 351.74
0.062787 360.72
0.078410 366.35
0.094032 369.25
0.10966 370.16
0.12528 369.81
0.14090 368.86
0.15652 367.78
0.17215 366.90
0.18777 366.36
0.20339 366.17
0.21901 366.23
0.23464 366.41
0.25026 366.56
0.26588 366.58
0.28150 366.41
0.29713 366.02
0.31275 365.46
0.32837 364.77
0.34400 364.00
0.35962 363.23
0.37524 362.46
0.39086 361.71
0.40649 360.99
0.42211 360.30
0.43773 359.60
0.45335 358.87
0.46898 358.08
0.48460 357.22
0.50022 356.30
0.51584 355.31
0.53147 354.25
0.54709 353.15
0.56271 351.98
0.57834 350.76
0.59396 349.47
0.60958 348.09
0.62520 346.63
0.64083 345.08
0.65645 343.43
0.67207 341.69
0.68769 339.88
0.70332 338.04
0.71894 336.20
0.73456 334.42
0.75018 332.77
0.76581 331.31
0.78143 330.14
0.79705 329.34
0.81268 329.00
0.82830 329.18
0.84392 329.95
0.85954 331.33
0.87517 333.31
0.89079 335.82
0.90641 338.74
0.92203 341.93
0.93766 345.20
0.95328 348.36
0.96890 351.22
0.98452 353.64
1.0001 355.52
1.0158 356.80
1.0314 357.53
1.0470 357.77
1.0626 357.64
1.0783 357.26
1.0939 356.76
1.1095 356.24
1.1251 355.77
1.1408 355.39
1.1564 355.08
1.1720 354.83
1.1876 354.59
1.2032 354.32
1.2189 353.95
1.2345 353.48
1.2501 352.87
1.2657 352.12
1.2814 351.22
1.2970 350.17
1.3126 348.97
1.3282 347.65
1.3438 346.20
1.3595 344.65
1.3751 343.01
1.3907 341.30
1.4063 339.55
1.4220 337.77
1.4376 335.95
1.4532 334.10
1.4688 332.17
1.4845 330.15
1.5001 327.96
1.5157 325.55
1.5313 322.91
1.5469 320.00
1.5626 316.85
1.5782 313.53
1.5938 310.17
1.6094 306.91
1.6251 303.90
1.6407 301.38
1.6563 299.45
1.6719 298.15
1.6875 297.59
1.7032 297.67
1.7188 298.32
1.7344 299.41
1.7500 300.82
1.7657 302.45
1.7813 304.29
1.7969 306.41
1.8125 308.95
1.8281 312.10
1.8438 316.00
1.8594 320.72
1.8750 326.17
1.8906 332.03
1.9063 337.78
1.9219 342.65
1.9375 345.74
1.9531 346.09
1.9688 342.82
1.9844 335.23